yyyy	mm	tmax	tmin	rain
1948	1	8.9	3.3	85
1948	2	7.9	2.2	26
1948	3	14.2	3.8	14
1948	4	15.4	5.1	35
1948	5	18.1	6.9	57
1948	6	19.1	10.3	67
1948	7	21.7	12	21
1948	8	20.8	11.7	67
1948	9	19.6	10.2	35
1948	10	14.9	6	50
1948	11	10.8	4.6	44
1948	12	8.8	3.8	63
1949	1	8.5	1.8	23
1949	2	10.4	0.6	27
1949	3	9.3	1.2	26.1
1949	4	16.2	6	34.2
1949	5	17.1	6.8	56.9
1949	6	22	10.5	9
1949	7	25.1	12.9	46.5
1949	8	23.9	12.5	26.3
1949	9	22.8	13.3	23.3
1949	10	17	8.6	139.6
1949	11	10.2	2.9	53.4
1949	12	9.2	2.9	33
1950	1	7.1	1.7	16.8
1950	2	9.9	2.4	82.2
1950	3	12.3	3.5	17.4
1950	4	12.9	4.2	54.8
1950	5	17.2	7.6	41.8
1950	6	23.6	12.3	44.6
1950	7	21.6	12.9	91.8
1950	8	21.9	12.1	68.8
1950	9	17.6	10.2	63.3
1950	10	14	6.1	10.9
1950	11	9.3	3.3	108.2
1950	12	3.8	-1	40.2
1951	1	7.3	1.5	71.3
1951	2	7	0.8	121.4
1951	3	8.4	1.7	86
1951	4	12.3	3	60.6
1951	5	15	7	53
1951	6	20.5	10	26.9
1951	7	23	12.9	33.8
1951	8	20.2	12.3	95.5
1951	9	19.2	11.3	66.3
1951	10	14.6	6	23.5
1951	11	11.8	6.2	132.6
1951	12	8.9	3.1	36.9
1952	1	6.2	0.4	47
1952	2	6.7	-0.3	16.1
1952	3	10.6	3.8	65.3
1952	4	15.6	5.8	39.9
1952	5	19.6	9.4	57.1
1952	6	20.9	10.9	30
1952	7	23.3	13.4	12.2
1952	8	21.6	13.3	63.5
1952	9	16.4	7.6	70.8
1952	10	13.2	5.7	69.8
1952	11	7.5	1.6	79.4
1952	12	5.8	-0.2	66
1953	1	5.6	0.6	21.2
1953	2	7.5	1	31.4
1953	3	11.1	1	8.5
1953	4	13.1	4.3	53.7
1953	5	18.7	8.9	32.4
1953	6	19.8	10.8	34.8
1953	7	21	12.1	75.3
1953	8	22.6	12.6	39
1953	9	19.5	9.8	47.4
1953	10	14.7	7.1	65.7
1953	11	11.3	5.2	28.6
1953	12	10	5.1	13.3
1954	1	5.9	0.3	23.5
1954	2	6.1	0.4	51.5
1954	3	10.4	3	51.3
1954	4	13.2	2.8	8.9
1954	5	16.8	7.6	52.6
1954	6	18.6	10.7	95.3
1954	7	19.2	11.7	62.1
1954	8	19.8	11.5	87.5
1954	9	18	9.6	58.1
1954	10	16.2	8.9	54.1
1954	11	11.2	3.6	95.5
1954	12	9.7	3.4	46.6
1955	1	5.6	0.4	50.2
1955	2	5	-0.8	35
1955	3	7.9	0.2	22.8
1955	4	15.2	5.1	7.2
1955	5	15.5	6.4	103.2
1955	6	20	11.1	52.1
1955	7	24.4	13.1	7.1
1955	8	24.3	13.6	17.8
1955	9	19.9	9.9	42.7
1955	10	13.5	5.3	87.7
1955	11	10.7	4.2	30.1
1955	12	9.5	2.3	46.7
1956	1	7	0.5	88.6
1956	2	2.9	-3.6	2.3
1956	3	11	2.7	15
1956	4	12.1	2.4	29.1
1956	5	19.1	7.1	4.2
1956	6	18.5	9.6	41.5
1956	7	20.9	12.8	130.5
1956	8	18.8	10.9	99.5
1956	9	19.2	11.7	50
1956	10	13.8	6	74.1
1956	11	9.3	2.5	10.1
1956	12	8.2	3.5	70.3
1957	1	8.7	2.7	39.5
1957	2	9	2.9	69.8
1957	3	13.9	5.7	25.4
1957	4	14.2	5.2	5.7
1957	5	16.2	6.5	21.3
1957	6	23.6	10.7	22.4
1957	7	22.5	13.8	87
1957	8	21.1	12.5	86.2
1957	9	17.6	10.1	51.7
1957	10	15.5	7.7	47
1957	11	9.4	4.3	59.5
1957	12	7.6	1	42.1
1958	1	6.8	0.9	64.3
1958	2	8.9	1.9	58.7
1958	3	8.1	1.1	26
1958	4	12.3	3.8	29.5
1958	5	17.3	7.8	59.5
1958	6	19.4	10.7	104.3
1958	7	21.7	12.9	51.9
1958	8	20.8	13.1	75.2
1958	9	20	12.1	83.8
1958	10	14.9	8.3	50.7
1958	11	9.7	4.4	50.7
1958	12	8	2.7	85.1
1959	1	5.7	-1.1	54.8
1959	2	7.4	1.2	2.4
1959	3	11.9	4.4	43.8
1959	4	14.2	6.3	52.9
1959	5	18.7	8	21.9
1959	6	22.1	11.1	16.2
1959	7	24.7	13.3	86.5
1959	8	24.2	13.7	27.6
1959	9	22.7	10.6	5.1
1959	10	17.8	8.5	46.9
1959	11	10.8	3.5	53.5
1959	12	9.3	3	75.7
1960	1	6.9	1.8	47.9
1960	2	7.9	1.6	48
1960	3	10.2	4.5	33.9
1960	4	14.3	4.6	12.4
1960	5	18.4	9.3	45.6
1960	6	22.1	12.1	42.8
1960	7	20.1	12.4	67.2
1960	8	20.3	11.8	60.8
1960	9	18.5	10.5	75.3
1960	10	14.2	8.2	155.5
1960	11	11.2	4.5	89.5
1960	12	6.9	2.1	56.5
1961	1	6.9	1.2	64.4
1961	2	10.3	4.9	55.1
1961	3	13.9	2.9	5.7
1961	4	15	7.1	50.8
1961	5	16.8	7.4	17.2
1961	6	21.7	10.5	29.2
1961	7	22.1	12.1	26.2
1961	8	21.7	12.6	47.6
1961	9	20.9	12	64.7
1961	10	15.6	7.6	56.8
1961	11	9.9	3.5	52.5
1961	12	6.8	0.2	88.6
1962	1	7.9	1.2	76.1
1962	2	7.6	1.4	12.6
1962	3	7.4	-0.6	35.8
1962	4	12.7	4.7	41.8
1962	5	15	7.1	29.6
1962	6	20.4	9.4	6.1
1962	7	20.6	12.1	82.8
1962	8	20	11.6	52.9
1962	9	17.8	9.6	88.4
1962	10	15.7	7.1	37.6
1962	11	9.1	3.2	41.7
1962	12	5	-1.1	52.8
1963	1	0.8	-4.6	12.9
1963	2	2.8	-2.2	6.6
1963	3	10.7	3	68.2
1963	4	13.6	5.7	52.1
1963	5	16	6.9	33.7
1963	6	20.8	11.3	48.3
1963	7	21.1	11.9	28.1
1963	8	19.8	11.7	53.4
1963	9	18	10.1	49
1963	10	14.8	8.2	34.7
1963	11	11.8	6	118.8
1963	12	5.4	0	16.1
1964	1	5.8	0.4	17.8
1964	2	7.6	2	16.8
1964	3	7.6	2.6	95.1
1964	4	12.8	5.4	73.5
1964	5	19.6	9.8	46.1
1964	6	19.3	11.2	110.1
1964	7	22.8	13.5	20.2
1964	8	22.3	12.7	21.2
1964	9	21.1	10.6	11.1
1964	10	13.7	5.3	29.2
1964	11	11.2	5.3	29.6
1964	12	7.1	0.9	29.9
1965	1	6.6	1	43
1965	2	5.9	0.9	8.3
1965	3	10.5	2.2	58
1965	4	13.4	4.8	44.8
1965	5	16.8	8.6	39.5
1965	6	19.7	11	54.6
1965	7	19.3	11.7	85.9
1965	8	20.8	11.9	55.9
1965	9	17.4	9.2	109.4
1965	10	16.2	7.5	18.8
1965	11	8.4	2.2	65.4
1965	12	8.4	1.7	87.3
1966	1	5.3	1	32.6
1966	2	9.3	4.4	73.4
1966	3	10.9	2.6	12.2
1966	4	12.2	5.4	98.6
1966	5	17	7.5	50.5
1966	6	21.8	12.2	66.7
1966	7	20.1	12.2	78
1966	8	20.6	11.6	86.2
1966	9	19.6	10.8	36.7
1966	10	14.7	8.6	122.1
1966	11	8.8	2.9	41.7
1966	12	9.3	2.2	62.5
1967	1	7.3	2.1	36.4
1967	2	9.3	2.6	48.6
1967	3	11.6	3.7	35.7
1967	4	12.5	4.4	44.1
1967	5	15.6	7.8	102.1
1967	6	20.1	10.3	51
1967	7	23.5	13.8	73.5
1967	8	21.5	12.7	47.4
1967	9	18.5	11.1	59.5
1967	10	15	8.8	103.8
1967	11	9.7	2.6	42.3
1967	12	7.2	1.3	54
1968	1	7.2	1.3	65.1
1968	2	5.7	0.2	25.3
1968	3	11.1	3.5	22.6
1968	4	13.7	4.4	44.2
1968	5	15.4	7	80.8
1968	6	20.6	11.5	54.9
1968	7	20.7	12.6	79.4
1968	8	20.2	12.6	68.2
1968	9	18.8	11.6	131.4
1968	10	16.5	10.7	64.2
1968	11	9.5	4.8	44.3
1968	12	5.4	1	74.9
1969	1	8.9	3.4	71.7
1969	2	4.9	-0.9	45
1969	3	8	1.3	56
1969	4	13.6	3.9	20.3
1969	5	17.1	8.6	59.5
1969	6	20.6	10.2	26.6
1969	7	23.9	13.9	68.7
1969	8	21.8	13.6	93
1969	9	19.6	11.7	3.1
1969	10	18.2	9.9	5.1
1969	11	9.6	3.3	68.7
1969	12	6.1	1.4	46.1
1970	1	7.1	2.1	67.7
1970	2	7.2	0.8	39.9
1970	3	8.1	0.7	37.6
1970	4	11.4	3.7	59.5
1970	5	19.2	9.2	25.1
1970	6	23.6	12.7	70.1
1970	7	21.3	12.3	53
1970	8	22.3	13	53.6
1970	9	20.3	11.4	49.8
1970	10	15.7	8.1	10.4
1970	11	11.9	5.5	151.2
1970	12	7	1.7	38.5
1971	1	7.8	2.8	70.5
1971	2	8.6	1.9	16.6
1971	3	9.1	2.3	42.4
1971	4	12.2	4.8	47.3
1971	5	18.1	8.2	76.7
1971	6	17.8	10.1	127.7
1971	7	24.1	13.8	19.3
1971	8	21.3	13.5	64.4
1971	9	20.7	10.2	11.1
1971	10	17.2	8.1	57.6
1971	11	10.4	3	63.9
1971	12	9.3	4.5	21
1972	1	6.9	2.1	55.3
1972	2	7.9	2.6	43.4
1972	3	12.4	3.3	54
1972	4	12.9	5.7	38.3
1972	5	16	7.6	25.9
1972	6	17.5	9	15.4
1972	7	22.3	12.7	27.2
1972	8	21.8	12.1	15.4
1972	9	17.3	9	27.6
1972	10	15.6	8.5	17.3
1972	11	9.9	3.2	57.7
1972	12	9.4	3.5	66.7
1973	1	7.3	2	13.1
1973	2	8.1	0.7	12.5
1973	3	11.5	2.2	10.4
1973	4	12.5	3.9	58.1
1973	5	16.9	8.6	54.2
1973	6	21.9	11.6	68.8
1973	7	21.4	12.7	49.1
1973	8	23.7	13.8	40.9
1973	9	20.7	11.6	60.7
1973	10	13.9	6.1	38.6
1973	11	10.3	2.5	26.6
1973	12	8.6	2.1	52.3
1974	1	9.6	3.6	53
1974	2	9.2	3	57.8
1974	3	10.3	2.8	27.2
1974	4	14	4.7	15.2
1974	5	17	7.5	22.4
1974	6	20.1	10.6	67.2
1974	7	20.9	12.5	29.8
1974	8	21.5	12.1	67.8
1974	9	17.5	9.5	140
1974	10	11	5	71.9
1974	11	10.6	5	142.8
1974	12	11	5.6	34.4
1975	1	10.3	4.5	92.3
1975	2	9.3	1.9	23
1975	3	8.4	2.8	69.7
1975	4	13.3	5	43.6
1975	5	15.1	6.9	62.9
1975	6	21.8	10.4	23.2
1975	7	24.1	14.1	36.3
1975	8	25.9	15	13.3
1975	9	19.5	10.6	111.2
1975	10	14.4	7	23.2
1975	11	10.1	3.2	58
1975	12	7.6	1.5	29.1
1976	1	8.8	3	13.9
1976	2	7.8	2.3	21.1
1976	3	9.5	2	11.3
1976	4	13.7	4.3	9.9
1976	5	19.3	8.9	19.3
1976	6	25.5	13.7	6.3
1976	7	26.6	14.9	15.4
1976	8	25.1	13.2	16.4
1976	9	19	11.2	96.6
1976	10	14.9	8.8	93
1976	11	9.9	3.5	81.7
1976	12	5.6	-0.2	72.3
1977	1	6.1	0.8	63.5
1977	2	9.6	3.4	65.3
1977	3	11.2	4.5	56.8
1977	4	12.2	4.1	32.7
1977	5	16.4	7.2	37.3
1977	6	17.4	9.6	52.4
1977	7	22.4	12.7	10.4
1977	8	20.3	13	150.3
1977	9	18	10.7	15.3
1977	10	16.3	9	48.1
1977	11	10.4	4.6	51.3
1977	12	9.2	4.1	55.5
1978	1	6.7	0.7	68.8
1978	2	6.2	0.7	40.9
1978	3	11.3	3.5	58.9
1978	4	10.7	3.9	45.4
1978	5	17.2	7.9	78.5
1978	6	19.7	10.7	38.1
1978	7	20.5	12.7	65.5
1978	8	20.7	12.1	53.6
1978	9	20.1	10.8	17.1
1978	10	17.1	8.4	1.6
1978	11	12.6	6.2	8.2
1978	12	7.8	2.6	108.6
1979	1	3.8	-2.6	59.9
1979	2	4.5	-0.4	44
1979	3	9.2	2	94.9
1979	4	12.7	4.8	77.6
1979	5	15.9	7.2	87
1979	6	19	11.1	37.6
1979	7	22.5	13.4	21.7
1979	8	21	12.2	33.4
1979	9	19.6	10.3	20.8
1979	10	16.4	8.8	68.7
1979	11	10.8	3.5	48.2
1979	12	9.2	3.9	90.7
1980	1	6	-0.1	29.7
1980	2	9.9	2.9	36.8
1980	3	9	2.4	72.1
1980	4	14	5.4	21.6
1980	5	17.3	7.4	26.1
1980	6	19.8	10.9	106.2
1980	7	19.7	11.9	59.3
1980	8	21.9	13.3	52.3
1980	9	20.1	12	27.7
1980	10	14	5.8	96.5
1980	11	9.3	4.5	26.4
1980	12	8.9	2.7	33.4
1981	1	8.1	2	32.7
1981	2	7.1	-0.1	11.9
1981	3	11.8	6.5	90.8
1981	4	12.9	4.9	32.4
1981	5	16.1	8.4	79.8
1981	6	18.5	10.4	39.5
1981	7	22	12.8	56.7
1981	8	22.8	13	45.3
1981	9	20.3	11.3	94.6
1981	10	12.9	5.8	76.5
1981	11	11.5	5.1	34.1
1981	12	4.4	-1.5	85.3
1982	1	6.9	0.4	38
1982	2	8.4	2.4	31.6
1982	3	11.1	2.5	51.5
1982	4	14.3	5	22.8
1982	5	18	7.6	71.9
1982	6	21.5	12.8	84.6
1982	7	22.7	13.4	24.5
1982	8	22.2	12.9	39.7
1982	9	20.8	11.1	39.6
1982	10	14.1	7.8	109.1
1982	11	11.4	6.2	72.9
1982	12	8.2	1.9	63.6
1983	1	10	4.3	47.2
1983	2	5.5	-0.5	31
1983	3	10.8	3	33.7
1983	4	12.4	3.6	101.5
1983	5	15.6	7.5	72.9
1983	6	20.8	11.4	12
1983	7	27.6	16	50.3
1983	8	24.5	13.8	11.4
1983	9	19.3	11.3	42.9
1983	10	15.1	7.6	41.7
1983	11	11.3	5.5	39.5
1983	12	9.2	2.7	50.9
1984	1	8	1.4	73.3
1984	2	7.4	1.3	32.9
1984	3	8.9	2.5	73.4
1984	4	14.6	3.9	5.4
1984	5	14.9	6.8	90.9
1984	6	21.3	11.3	36.1
1984	7	24.2	12.9	19.2
1984	8	24.4	14.2	27.8
1984	9	18.6	11	73.4
1984	10	15.8	8.5	82.8
1984	11	12.2	6.4	69.8
1984	12	8.7	2.8	56.7
1985	1	4.1	-1.8	41.3
1985	2	6.3	0.1	29.8
1985	3	9.4	1.3	34.1
1985	4	14	5.3	33.3
1985	5	16.4	8.2	64.7
1985	6	18.5	9.9	88.9
1985	7	22.9	13.2	35.2
1985	8	20.3	11.9	58.9
1985	9	20.6	11.4	11.2
1985	10	16.1	8.8	18.4
1985	11	8.1	1.2	30
1985	12	10	5.2	80.5
1986	1	7.2	1	105.6
1986	2	1.7	-2.7	14.5
1986	3	10.1	1.8	43.5
1986	4	10.9	3.2	60.7
1986	5	16.3	7.9	52.3
1986	6	21.8	11.4	17.2
1986	7	22.6	13.3	54.6
1986	8	20	11.5	66.7
1986	9	17.4	8.1	22.8
1986	10	16.4	8.5	72.4
1986	11	12.1	5.2	66.1
1986	12	9.7	3.2	60.6
1987	1	3.6	-1	11.1
1987	2	7.7	1.4	32.4
1987	3	8.5	1.4	42.7
1987	4	15.8	6.7	39.9
1987	5	16.3	7	54.1
1987	6	18.6	10.6	69.9
1987	7	21.8	13.2	77.3
1987	8	21.8	12.5	57.2
1987	9	19.3	11.4	36.9
1987	10	15	7.7	174.8
1987	11	9.8	4.2	43.3
1987	12	8.9	4.1	14.4
1988	1	8.8	3.1	106.9
1988	2	8.7	1.8	26
1988	3	10.7	3.7	59.5
1988	4	13.5	5.1	27.7
1988	5	18	9.1	41.6
1988	6	19.7	11.3	44.3
1988	7	20	12.2	76.2
1988	8	21.8	12.4	60.9
1988	9	18.8	10.8	27.8
1988	10	15.5	8.5	56.3
1988	11	9.9	1.8	16
1988	12	10.4	4.8	8.9
1989	1	9.5	3.1	26
1989	2	10.2	2.6	40.2
1989	3	12.9	4.5	56.6
1989	4	11.5	4.3	64.2
1989	5	21	10	12.1
1989	6	22.1	11.4	35.5
1989	7	25.8	14.8	36.7
1989	8	24.2	13.1	55.7
1989	9	20.7	12.6	10.8
1989	10	17.1	9.7	52.8
1989	11	10.9	3.7	23.8
1989	12	9.4	4.2	119.3
1990	1	10.2	4.4	71.1
1990	2	11.7	5.3	92.3
1990	3	13.6	4.8	6.9
1990	4	14.6	4.2	29.7
1990	5	20.5	9	4.1
1990	6	19.5	10.8	39.5
1990	7	24.7	13.2	6.9
1990	8	26	14.7	26.8
1990	9	19.7	10	24.9
1990	10	16.9	9.6	49.7
1990	11	10.7	5.1	22.1
1990	12	7.6	2.5	51.4
1991	1	7.3	1.8	69.7
1991	2	5.4	-1.3	34.7
1991	3	12.5	5.3	25.9
1991	4	13.1	4.8	52.8
1991	5	15.7	7.7	9.1
1991	6	17.8	9.7	88.6
1991	7	23.2	14.4	92.9
1991	8	24.1	14.4	26
1991	9	21.4	11.5	43.7
1991	10	14.6	7.6	18.5
1991	11	10.6	4.2	59.3
1991	12	8.3	1.7	12
1992	1	7.5	2	12.6
1992	2	9.5	2.3	17.7
1992	3	11.8	4.9	38.5
1992	4	14	5.6	57.1
1992	5	21	10.2	94.5
1992	6	22.5	12.3	22.5
1992	7	22.5	14.2	62.3
1992	8	21.7	13.6	84.7
1992	9	18.9	11	77.3
1992	10	12.5	5.3	59.4
1992	11	12	4.8	86.9
1992	12	7.8	1.6	35.9
1993	1	10.3	3.5	63.1
1993	2	7.2	2.5	2.4
1993	3	11.8	3.3	16
1993	4	14.6	6.8	75.3
1993	5	18	8.8	31.8
1993	6	21.8	12.2	43.9
1993	7	21.6	12.6	35
1993	8	21.6	11.7	23.8
1993	9	17.5	9.8	96.3
1993	10	13	7	123
1993	11	8.8	2.4	29.5
1993	12	9.2	3.6	73.8
1994	1	9.3	2.8	80
1994	2	7.7	1.2	42.6
1994	3	12.3	5.1	40
1994	4	13.3	5.1	52.8
1994	5	16	8.2	80.6
1994	6	21.5	11.2	17
1994	7	26.2	15.2	16.9
1994	8	23	13.8	32.2
1994	9	17.8	10.8	86.3
1994	10	15.4	7.7	76
1994	11	13.6	8.4	43.1
1994	12	10.7	4	63.3
1995	1	8.9	2.2	113.7
1995	2	10.7	4.4	71.9
1995	3	11.2	2	49.5
1995	4	15	6.1	16.9
1995	5	19	8.2	30
1995	6	20.7	10.8	11.1
1995	7	26.3	15.2	20.3
1995	8	27	15.6	0.3
1995	9	19.2	10.7	95
1995	10	18.3	10.2	19.2
1995	11	12	5.1	28.5
1995	12	5.8	1	82.8
1996	1	7.2	3.1	41.5
1996	2	6.8	0.1	49
1996	3	8.6	2.1	31.4
1996	4	14.3	5.5	25
1996	5	15.1	5.9	25.8
1996	6	22.8	11.3	12
1996	7	24.2	13.2	28.8
1996	8	23.1	13.4	45.8
1996	9	19.2	10.7	22
1996	10	16.6	8.9	35.4
1996	11	10.5	2.7	91
1996	12	6.2	1.4	13
1997	1	5.5	0.2	10.3
1997	2	10.8	4	55.1
1997	3	13.8	5.3	11.4
1997	4	15.6	5.4	9.8
1997	5	18.7	8.5	28.2
1997	6	20.2	12.2	78.6
1997	7	23.5	13.9	34.6
1997	8	25.8	16.6	70.5
1997	9	20.9	11.8	6.8
1997	10	15.9	7.5	44.9
1997	11	12.5	6.2	47.1
1997	12	9.5	4.2	47.4
1998	1	9.2	3.5	68.6
1998	2	11.6	3.5	6.6
1998	3	12.1	5.7	51.1
1998	4	12.7	5.7	82.6
1998	5	19.6	10.2	31.9
1998	6	19.9	12	89.6
1998	7	21.4	13	26.9
1998	8	23.5	12.7	16.6
1998	9	20.4	12.7	101.2
1998	10	14.7	8.6	103.8
1998	11	9.6	3.4	57
1998	12	9.7	3.8	49.2
1999	1	9.4	3.8	68.7
1999	2	8.8	2.8	21.1
1999	3	12.2	5	25.6
1999	4	14.9	6.3	35
1999	5	19.1	10.2	35.8
1999	6	20.3	11	98.2
1999	7	24.9	14.3	8.6
1999	8	22.8	14	124.8
1999	9	21.3	13.2	86.7
1999	10	15.6	7.9	49.2
1999	11	11.3	5.9	31.2
1999	12	8.7	2.4	77.2
2000	1	8.6	2.4	16.5
2000	2	10.4	3.8	62.2
2000	3	12.1	4.9	16
2000	4	12.9	5.4	99.6
2000	5	18	9.6	87.2
2000	6	21	12.8	19.2
2000	7	21	12.8	52.8
2000	8	23.2	14	32.3
2000	9	20.1	12.5	105.8
2000	10	14.7	8.5	155.4
2000	11	11	4.5	99.5
2000	12	9	4.6	73.9
2001	1	7.1	1.8	75.2
2001	2	9.2	2.8	69.6
2001	3	9.5	3.8	95.3
2001	4	12.8	5.4	66.5
2001	5	18.8	9.1	26
2001	6	20.8	11.3	39.1
2001	7	24.3	14.5	35.2
2001	8	23.5	14.5	79
2001	9	18.1	10.8	59.6
2001	10	17.6	11.3	108.2
2001	11	11.3	4.4	33.8
2001	12	7.3	1.4	17.8
2002	1	9.5	3.5	51
2002	2	11.3	4.8	64
2002	3	12.4	5.1	37.6
2002	4	15.7	6.1	38.4
2002	5	17.3	9.4	66.4
2002	6	20.1	11.6	74.2
2002	7	22.3	13.5	67.2
2002	8	23.3	14.7	36.3
2002	9	20.3	11.5	20
2002	10	15.3	8.4	61.6
2002	11	12.4	7	151
2002	12	9	5.2	119
2003	1	8	2.3	73.6
2003	2	8.4	1.8	20.8
2003	3	13.6	4.4	16.4
2003	4	15.7	6.3	30
2003	5	18.2	9	39.1
2003	6	23.3	13.3	47.6
2003	7	24.2	14.7	28.8
2003	8	26.4	15.7	10.4
2003	9	21.9	10.8	8.4
2003	10	14.5	6.4	35.2
2003	11	12.6	6.7	113.8
2003	12	8.8	3.2	51.4
2004	1	8.8	3.1	71.9
2004	2	8.7	3.8	26.2
2004	3	10.8	3.9	29.5
2004	4	14.9	6.3	68.8
2004	5	18.2	9.5	45
2004	6	22.1	12.6	40.4
2004	7	22.7	13.3	37.6
2004	8	23.8	15.1	107.8
2004	9	20.8	12.5	18.8
2004	10	15.3	9.1	96.6
2004	11	11.2	6.2	29.6
2004	12	8.8	2.9	46.4
2005	1	9.5	3.8	21.6
2005	2	7.3	2.5	19.7
2005	3	11.5	4.5	43.6
2005	4	14.6	6.2	30
2005	5	17.7	8.5	19.8
2005	6	22.8	12.9	32.6
2005	7	23.3	14.1	45.8
2005	8	23.2	13	42.4
2005	9	21.4	12.7	47.5
2005	10	17.8	11.3	73.4
2005	11	10.7	3.5	29.2
2005	12	8.2	1.9	44.4
2006	1	7.6	2.9	16.8
2006	2	7.2	1.7	41.2
2006	3	9.4	2.8	44.6
2006	4	14.1	6	33.4
2006	5	18	9.8	91.6
2006	6	23.7	12.9	11.8
2006	7	28.2	16.7	23.6
2006	8	22.2	13.5	68.8
2006	9	22.7	14.5	78.2
2006	10	17.8	11.2	64.4
2006	11	12.7	5.4	98
2006	12	9.7	4.5	63.6
2007	1	10.5	5.1	56
2007	2	9.9	3.9	92.9
2007	3	12.5	4.4	43.8
2007	4	18.9	7.7	3.6
2007	5	17.9	9.7	80
2007	6	21.2	12.6	63.8
2007	7	21.4	13.1	115.2
2007	8	21.5	12.9	41
2007	9	19.9	11.4	17.4
2007	10	15.4	8.5	37.8
2007	11	11.4	4.6	84.8
2007	12	8.9	3.1	44.6
2008	1	10.4	4.7	69
2008	2	11	2	15.4
2008	3	10.6	3.7	69.8
2008	4	13.7	5.2	63.4
2008	5	19.8	10.5	64.2
2008	6	20.8	11.9	45.6
2008	7	22.8	13.7	76.8
2008	8	21.5	14.2	64.4
2008	9	18.5	11.2	43
2008	10	15	6.8	45
2008	11	10.7	5.2	58.8
2008	12	7.3	1.7	41.2
2009	1	6.8	0.3	72.4
2009	2	7.8	2.1	69.6
2009	3	12.9	3.7	30
2009	4	16.1	7.2	28
2009	5	19.1	9.4	29.8
2009	6	22.4	12.2	34
2009	7	23	13.7	71.4
2009	8	23.9	14.1	39.6
2009	9	20.5	12	36
2009	10	16.3	9.3	39.4
2009	11	12.6	7.4	148
2009	12	7	1.3	84.6
2010	1	4.5	-0.3	51.8
2010	2	6.9	1.7	100.4
2010	3	11.1	3.7	39.8
2010	4	15.8	5.6	23.2
2010	5	17.3	7.7	20.6
2010	6	23.5	12.1	12.4
2010	7	25	15.1	18
2010	8	21.6	13.2	88.6
2010	9	19.4	11.2	38.2
2010	10	15.2	8.3	74.8
2010	11	9.1	4	32.2
2010	12	3.9	-1.5	21.4
2011	1	7.4	2.8	76.8
2011	2	10.2	4.8	42.8
2011	3	12.3	3.8	14.6
2011	4	19.7	8.6	2.4
2011	5	19.4	9.4	24.6
2011	6	20.7	11	84
2011	7	21.7	12.6	49.8
2011	8	21.8	13.4	68.8
2011	9	21.3	12.4	35
2011	10	18.1	10.1	18.4
2011	11	13.6	7.3	29
2011	12	9.9	3.8	63
2012	1	9.8	3.4	34.4
2012	2	8	1.3	16.8
2012	3	14.7	4.7	16.2
2012	4	13.3	4.9	98.4
2012	5	18.2	9.7	25.4
2012	6	19.4	11.6	110.8
2012	7	21.3	13.2	71.8
2012	8	23.5	14.3	36.4
2012	9	20	10.3	41.2
2012	10	14.2	8	88.4
2012	11	11	4.6	71.8
2012	12	9	2.6	95.8
2013	1	6.5	2	50.1
2013	2	6.7	1.2	32.8
2013	3	6.9	1.2	52.8
2013	4	13.5	4.7	34
2013	5	16.4	7.7	41.8
2013	6	20.3	11.2	11.6
2013	7	27	15.2	25.2
2013	8	24.3	14.3	32.6
2013	9	19.7	11.1	49.6
2013	10	17	10.6	81.4
2013	11	10.4	4.7	50
2013	12	10.2	3.5	98.2
2014	1	10	3.8	162.4
2014	2	10.6	4.4	89.8
2014	3	14.1	4.4	27.8
2014	4	16.1	7.5	58
2014	5	18	9.8	84.6
2014	6	22.1	12.5	40.8
2014	7	25.8	15	50
2014	8	21.7	12.7	97.6
2014	9	21.5	12.8	10.8
2014	10	17.6	11	76
2014	11	12.5	6.9	128.4
2014	12	9.2	3	37.8
2015	1	8.8	1.6	63.4
2015	2	8	1.8	39
2015	3	11.6	4.1	24
2015	4	16.3	6	16.2
2015	5	17.6	8.8	41.6
2015	6	22.2	11.4	12.2
2015	7	23.7	13.8	71.8
2015	8	22.2	14.1	116.8
2015	9	18.6	9.7	50.8
2015	10	15.8	9.3	39.8
2015	11	13.4	8	48.2
2015	12	13.7	8.9	39.4